[Bpol]
# Spline fit with R²=0.905665
values = [
  2.3756423318e-01, 2.3048980455e-01, 2.1718821289e-01, 2.0409534474e-01, 1.8996527333e-01,
  1.7377557810e-01, 1.5593659432e-01, 1.3742537846e-01, 1.1848085475e-01, 9.9526965379e-02,
  8.1191575624e-02, 6.3514346386e-02, 4.6155069425e-02, 3.0106426710e-02, 1.8228276598e-02,
  1.5123944144e-02, 5.1121177395e-03, 1.7956264638e-02, 4.0005054444e-02, 6.3078028938e-02,
  8.4590344846e-02, 1.0421680193e-01, 1.2243658167e-01, 1.3845359413e-01, 1.5093271924e-01,
  1.6010837733e-01, 1.6672444758e-01, 1.7140032157e-01, 1.7455405917e-01, 1.7642649729e-01,
  1.7720883512e-01, 1.7695250121e-01, 1.7556902840e-01, 1.7278945852e-01, 1.6831028715e-01,
  1.6176615839e-01, 1.5291643823e-01, 1.4199269665e-01, 1.2931823277e-01, 1.1505188827e-01,
  9.9679514031e-02, 8.4370877975e-02, 7.0500091072e-02, 5.9134531917e-02, 5.0497378003e-02,
  4.4403730962e-02, 4.0566939239e-02, 3.8603712714e-02, 3.8085979745e-02, 3.8601301157e-02,
  3.9767777867e-02, 4.1245676614e-02, 4.2745458932e-02, 4.4050869143e-02, 4.5035561026e-02,
  4.5634333050e-02, 4.5825783518e-02, 4.5639641127e-02, 4.5133964035e-02, 4.4388966399e-02,
  4.3493654845e-02, 4.2538116146e-02, 4.1620470042e-02, 4.0820379476e-02, 4.0203398062e-02,
  3.9828226254e-02, 3.9824402706e-02
]
